Data,Fechamento,Variação,Variação (%),Abertura,Máxima,Mínima,Volume
19/03/2020,11.74,1.19,11.28,9.8,13.4,8.74,16527900
20/03/2020,14.05,2.31,19.68,13.7,17.5,13.01,17483100
21/03/2020,14.05,0,0,14.05,14.05,14.05,0
22/03/2020,14.05,0,0,14.05,14.05,14.05,0
23/03/2020,14.07,0.02,0.14,14.22,14.34,12.53,13001300
24/03/2020,16.49,2.42,17.2,16.6,17.66,15.66,19375800
25/03/2020,19.1,2.61,15.83,16.59,20,16.55,19372800
26/03/2020,20.73,1.63,8.53,19,23.48,19,19715200
27/03/2020,19.6,-1.13,-5.45,19.23,21.98,18.25,13224600
28/03/2020,19.6,0,0,19.6,19.6,19.6,0
29/03/2020,19.6,0,0,19.6,19.6,19.6,0
30/03/2020,19.46,-0.14,-0.71,20.97,22.38,18.9,8758500
31/03/2020,17.57,-1.89,-9.71,19.5,19.65,17.2,12195700
01/04/2020,15.09,-2.48,-14.11,16.04,16.09,14.37,16902000
02/04/2020,14.73,-0.36,-2.39,15.2,15.98,14.4,11139300
03/04/2020,14.29,-0.44,-2.99,14.6,14.61,13.12,8263100
04/04/2020,14.29,0,0,14.29,14.29,14.29,0
05/04/2020,14.29,0,0,14.29,14.29,14.29,0
06/04/2020,15.75,1.46,10.22,15.8,15.92,14.71,9645800
07/04/2020,15.73,-0.02,-0.13,16.86,17.9,15.6,16971300
08/04/2020,16.81,1.08,6.87,15.69,16.86,15.01,13146800
09/04/2020,16.55,-0.26,-1.55,17.44,17.6,16.02,12762100
10/04/2020,16.55,0,0,16.55,16.55,16.55,0
11/04/2020,16.55,0,0,16.55,16.55,16.55,0
12/04/2020,16.55,0,0,16.55,16.55,16.55,0
13/04/2020,16.2,-0.35,-2.11,16.39,16.71,15.62,8504000
14/04/2020,16.34,0.14,0.86,16.28,16.9,15.91,12918600
15/04/2020,16.53,0.19,1.16,15.8,16.87,15.71,9367100
16/04/2020,16.21,-0.32,-1.94,16.93,17.2,15.98,8667500
17/04/2020,16.26,0.05,0.31,16.56,17.15,16.02,10889900
18/04/2020,16.26,0,0,16.26,16.26,16.26,0
19/04/2020,16.26,0,0,16.26,16.26,16.26,0
20/04/2020,16.7,0.44,2.71,15.99,16.84,15.75,10639800
21/04/2020,16.7,0,0,16.7,16.7,16.7,0
22/04/2020,16.31,-0.39,-2.34,16.45,16.73,16.18,10066800
23/04/2020,16.36,0.05,0.31,16.36,16.65,16.02,10455800
24/04/2020,14.26,-2.1,-12.84,16.24,16.26,13.7,18787500
25/04/2020,14.26,0,0,14.26,14.26,14.26,0
26/04/2020,14.26,0,0,14.26,14.26,14.26,0
27/04/2020,14.21,-0.05,-0.35,14.61,14.74,13.89,9771800
28/04/2020,16.05,1.84,12.95,14.49,16.1,14.29,12383300
29/04/2020,17.19,1.14,7.1,16.29,17.48,16.25,15686500
30/04/2020,17.1,-0.09,-0.52,16.79,17.45,16.28,14743300
01/05/2020,17.1,0,0,17.1,17.1,17.1,0
02/05/2020,17.1,0,0,17.1,17.1,17.1,0
03/05/2020,17.1,0,0,17.1,17.1,17.1,0
04/05/2020,15.36,-1.74,-10.18,15.9,16.2,14.88,19511800
05/05/2020,15.09,-0.27,-1.76,15.65,15.78,15.01,7546000
06/05/2020,14.8,-0.29,-1.92,15.12,15.26,14.45,7210900
07/05/2020,13.76,-1.04,-7.03,15.21,15.26,13.65,15424200
08/05/2020,13.72,-0.04,-0.29,13.94,14.2,13.45,11318500
09/05/2020,13.72,0,0,13.72,13.72,13.72,0
10/05/2020,13.72,0,0,13.72,13.72,13.72,0
11/05/2020,13.17,-0.55,-4.01,13.5,13.64,12.66,7616800
12/05/2020,12.62,-0.55,-4.18,13.25,13.79,12.5,7660600
13/05/2020,12.52,-0.1,-0.79,12.86,13.02,12.08,9519100
14/05/2020,11.72,-0.8,-6.39,12,12.2,11.36,17568700
15/05/2020,11.12,-0.6,-5.12,11.61,11.83,11.01,15437800
16/05/2020,11.12,0,0,11.12,11.12,11.12,0
17/05/2020,11.12,0,0,11.12,11.12,11.12,0
18/05/2020,14.5,3.38,30.4,11.66,14.6,11.44,34241500
19/05/2020,13.81,-0.69,-4.76,13.89,14.99,12.72,46196600
20/05/2020,15.43,1.62,11.73,14.26,16.87,14.05,51845900
21/05/2020,15.58,0.15,0.97,15.8,16.8,15.34,34624000
22/05/2020,15.09,-0.49,-3.15,15,15.35,14.6,14334500
23/05/2020,15.09,0,0,15.09,15.09,15.09,0
24/05/2020,15.09,0,0,15.09,15.09,15.09,0
25/05/2020,15.37,0.28,1.86,15.6,16.1,15.19,12462700
26/05/2020,14.9,-0.47,-3.06,15.9,16,14.63,17815900
27/05/2020,14.92,0.02,0.13,15.02,15.1,14.08,14839000
28/05/2020,14.7,-0.22,-1.47,14.59,15.24,14.43,11536000
29/05/2020,14.3,-0.4,-2.72,14.5,14.65,14.1,14978300
30/05/2020,14.3,0,0,14.3,14.3,14.3,0
31/05/2020,14.3,0,0,14.3,14.3,14.3,0
01/06/2020,15.29,0.99,6.92,14.2,15.45,14,22599200
02/06/2020,16.79,1.5,9.81,15.7,16.8,15.63,32496000
03/06/2020,18.57,1.78,10.6,17.85,19.63,17.7,46131200
04/06/2020,19.08,0.51,2.75,18.75,19.59,17.74,27547500
05/06/2020,21.25,2.17,11.37,20.7,21.73,20.53,32824900
06/06/2020,21.25,0,0,21.25,21.25,21.25,0
07/06/2020,21.25,0,0,21.25,21.25,21.25,0
08/06/2020,27.89,6.64,31.25,23.44,27.89,22.86,59421900
09/06/2020,25.79,-2.1,-7.53,26.2,29.56,25.02,68865800
10/06/2020,23.49,-2.3,-8.92,27.3,28,22.91,55095300
11/06/2020,23.49,0,0,23.49,23.49,23.49,0
12/06/2020,22.46,-1.03,-4.38,21.14,23.23,21,42967900
13/06/2020,22.46,0,0,22.46,22.46,22.46,0
14/06/2020,22.46,0,0,22.46,22.46,22.46,0
15/06/2020,22.26,-0.2,-0.89,20.7,22.89,19.81,54016000
16/06/2020,23,0.74,3.32,24,24.46,22.26,42476100
17/06/2020,22.5,-0.5,-2.17,23.06,23.78,21.85,26789400
18/06/2020,21.9,-0.6,-2.67,22.16,22.9,21.83,18615100
19/06/2020,21.75,-0.15,-0.68,22.6,22.72,21.35,20724800
20/06/2020,21.75,0,0,21.75,21.75,21.75,0
21/06/2020,21.75,0,0,21.75,21.75,21.75,0
22/06/2020,20.73,-1.02,-4.69,21.65,21.75,20.42,20541600
23/06/2020,22.59,1.86,8.97,21.1,22.96,20.31,34984200
24/06/2020,21.02,-1.57,-6.95,22.3,22.37,20.5,27296000
25/06/2020,21.15,0.13,0.62,21.11,21.95,20.5,27387500
26/06/2020,20.15,-1,-4.73,21,21.45,20,16310400
27/06/2020,20.15,0,0,20.15,20.15,20.15,0
28/06/2020,20.15,0,0,20.15,20.15,20.15,0
29/06/2020,20.74,0.59,2.93,20.51,20.97,19.22,26403700
30/06/2020,20.11,-0.63,-3.04,20.44,20.67,20.1,13888700
01/07/2020,20.78,0.67,3.33,20.4,21.55,20.2,20843600
02/07/2020,20.85,0.07,0.34,21.41,21.83,20.64,17256300
03/07/2020,21.23,0.38,1.82,20.82,21.25,20.4,9113600
04/07/2020,21.23,0,0,21.23,21.23,21.23,0
05/07/2020,21.23,0,0,21.23,21.23,21.23,0
06/07/2020,22.08,0.85,4,21.9,22.1,21.35,16135400
07/07/2020,21.49,-0.59,-2.67,21.62,22.36,21.4,17015000
08/07/2020,21.53,0.04,0.19,22.02,22.05,21.45,10774700
09/07/2020,21.01,-0.52,-2.42,21.59,21.62,20.81,11960700
10/07/2020,21.89,0.88,4.19,20.75,22.15,20.63,17395500
11/07/2020,21.89,0,0,21.89,21.89,21.89,0
12/07/2020,21.89,0,0,21.89,21.89,21.89,0
13/07/2020,21.19,-0.7,-3.2,22.27,22.9,21.16,20476800
14/07/2020,21.61,0.42,1.98,21.17,22.05,20.63,15561500
15/07/2020,22.8,1.19,5.51,22.58,22.85,22.05,26871600
16/07/2020,22.07,-0.73,-3.2,22.53,22.7,21.91,13014000
17/07/2020,21.83,-0.24,-1.09,22.19,22.44,21.67,14425200
18/07/2020,21.83,0,0,21.83,21.83,21.83,0
19/07/2020,21.83,0,0,21.83,21.83,21.83,0
20/07/2020,21.63,-0.2,-0.92,21.99,22,21.57,10397400
21/07/2020,21.79,0.16,0.74,21.8,22.22,21.65,11490500
22/07/2020,21.56,-0.23,-1.06,21.86,21.92,21.17,8680100
23/07/2020,21.02,-0.54,-2.5,21.55,21.7,20.78,8815800
24/07/2020,20.58,-0.44,-2.09,20.69,20.69,20.05,9049700
25/07/2020,20.58,0,0,20.58,20.58,20.58,0
26/07/2020,20.58,0,0,20.58,20.58,20.58,0
27/07/2020,20.75,0.17,0.83,20.71,20.88,20.22,7985500
28/07/2020,21.47,0.72,3.47,20.9,21.76,20.56,10540500
29/07/2020,20.95,-0.52,-2.42,21.64,21.69,20.72,9578400
30/07/2020,20.99,0.04,0.19,20.61,21.28,20.52,6542400
31/07/2020,20.1,-0.89,-4.24,21.02,21.55,20.1,10273900
01/08/2020,20.1,0,0,20.1,20.1,20.1,0
02/08/2020,20.1,0,0,20.1,20.1,20.1,0
03/08/2020,20,-0.1,-0.5,20.6,20.6,19.91,7695200
04/08/2020,19.71,-0.29,-1.45,19.88,20.43,19.69,7135600
05/08/2020,20.01,0.3,1.52,20.16,20.29,19.85,6102000
06/08/2020,21.48,1.47,7.35,20.36,21.59,20.01,13244800
07/08/2020,20.91,-0.57,-2.65,21.22,21.83,20.7,11753600
08/08/2020,20.91,0,0,20.91,20.91,20.91,0
09/08/2020,20.91,0,0,20.91,20.91,20.91,0
10/08/2020,21.78,0.87,4.16,21.08,21.9,20.87,14738600
11/08/2020,23.32,1.54,7.07,22.15,24.05,22.01,41576000
12/08/2020,22.88,-0.44,-1.89,24.41,24.7,22.53,33450300
13/08/2020,22.01,-0.87,-3.8,22.26,23.1,22,13622100
14/08/2020,22.49,0.48,2.18,21.9,22.78,21.36,12943600
15/08/2020,22.49,0,0,22.49,22.49,22.49,0
16/08/2020,22.49,0,0,22.49,22.49,22.49,0
17/08/2020,21.25,-1.24,-5.51,22.4,22.45,21,11973300
18/08/2020,21.8,0.55,2.59,21.7,22.07,21.35,7271500
19/08/2020,21.47,-0.33,-1.51,21.89,22.12,21.33,7335600
20/08/2020,21.57,0.1,0.47,21,21.74,20.73,7926000
21/08/2020,21.69,0.12,0.56,21.57,22.4,21.38,10520300
22/08/2020,21.69,0,0,21.69,21.69,21.69,0
23/08/2020,21.69,0,0,21.69,21.69,21.69,0
24/08/2020,22.55,0.86,3.96,21.92,22.6,21.59,12921400
25/08/2020,21.97,-0.58,-2.57,23,23.01,21.87,11596500
26/08/2020,21.49,-0.48,-2.18,21.9,22.15,21.24,8324900
27/08/2020,22.31,0.82,3.82,21.75,22.66,21.64,15332700
28/08/2020,22.88,0.57,2.55,22.4,22.98,22.05,10505400
29/08/2020,22.88,0,0,22.88,22.88,22.88,0
30/08/2020,22.88,0,0,22.88,22.88,22.88,0
31/08/2020,22.18,-0.7,-3.06,22.7,23.51,22.14,11454000
01/09/2020,22.89,0.71,3.2,22.36,23.14,22.11,12297600
02/09/2020,23.24,0.35,1.53,23.05,23.56,22.66,10006000
03/09/2020,23.97,0.73,3.14,23.15,24.2,23.02,22388500
04/09/2020,24.73,0.76,3.17,24.21,24.8,23.79,16928000
05/09/2020,24.73,0,0,24.73,24.73,24.73,0
06/09/2020,24.73,0,0,24.73,24.73,24.73,0
07/09/2020,24.73,0,0,24.73,24.73,24.73,0
08/09/2020,26.23,1.5,6.07,24.35,26.5,24.1,23371200
09/09/2020,26.21,-0.02,-0.08,26.6,27.22,25.69,19611500
10/09/2020,26.13,-0.08,-0.31,26.3,27.45,26.1,17115900
11/09/2020,26.55,0.42,1.61,26.9,27.07,25.11,18792100
12/09/2020,26.55,0,0,26.55,26.55,26.55,0
13/09/2020,26.55,0,0,26.55,26.55,26.55,0
14/09/2020,28.24,1.69,6.37,27.05,28.37,26.6,20548100
15/09/2020,28.03,-0.21,-0.74,28.21,28.66,27.65,15758800
16/09/2020,29.08,1.05,3.75,28.1,29.42,27.83,19735300
17/09/2020,28.92,-0.16,-0.55,28.77,29.5,28.39,12942000
18/09/2020,27.95,-0.97,-3.35,28.9,29.34,27.9,15884500
19/09/2020,27.95,0,0,27.95,27.95,27.95,0
20/09/2020,27.95,0,0,27.95,27.95,27.95,0
21/09/2020,26.03,-1.92,-6.87,27.29,27.59,25.89,22940200
22/09/2020,26.28,0.25,0.96,26.18,26.92,25.81,13938900
23/09/2020,26.75,0.47,1.79,26.5,27.27,26.13,14412300
24/09/2020,26.85,0.1,0.37,26.76,27.39,25.92,13132200
25/09/2020,26.88,0.03,0.11,26.52,27.33,26.32,9779000
26/09/2020,26.88,0,0,26.88,26.88,26.88,0
27/09/2020,26.88,0,0,26.88,26.88,26.88,0
28/09/2020,25.95,-0.93,-3.46,27.5,28.09,25.71,18129700
29/09/2020,23.95,-2,-7.71,26.04,26.23,23.78,19356700
30/09/2020,24.38,0.43,1.8,24.01,25.04,23.7,15865200
01/10/2020,25.66,1.28,5.25,25.32,26.08,24.83,20951400
02/10/2020,24.27,-1.39,-5.42,25.4,25.56,24.25,14657800
03/10/2020,24.27,0,0,24.27,24.27,24.27,0
04/10/2020,24.27,0,0,24.27,24.27,24.27,0
05/10/2020,24.29,0.02,0.08,24.6,24.9,24,10814600
06/10/2020,25.94,1.65,6.79,24.76,26.64,24.55,23384300
07/10/2020,25.2,-0.74,-2.85,26.76,26.98,24.71,25722100
08/10/2020,25.2,0,0,25.28,25.5,24.71,10666100
09/10/2020,25.35,0.15,0.6,25,25.95,24.88,13044600
10/10/2020,25.35,0,0,25.35,25.35,25.35,0
11/10/2020,25.35,0,0,25.35,25.35,25.35,0
12/10/2020,25.35,0,0,25.35,25.35,25.35,0
13/10/2020,25.2,-0.15,-0.59,25.57,25.7,24.81,8694700
14/10/2020,25.9,0.7,2.78,25.19,26.1,25.15,10524000
15/10/2020,25.78,-0.12,-0.46,24.9,25.8,24.76,10460700
16/10/2020,25.51,-0.27,-1.05,25.69,25.87,25.3,6938900
17/10/2020,25.51,0,0,25.51,25.51,25.51,0
18/10/2020,25.51,0,0,25.51,25.51,25.51,0
19/10/2020,26.63,1.12,4.39,25.75,27.28,25.72,18874300
20/10/2020,26.51,-0.12,-0.45,26.78,27.02,26.07,11764700
21/10/2020,26.15,-0.36,-1.36,26.23,26.59,25.82,7009000
22/10/2020,26.69,0.54,2.07,26.15,26.87,26.03,10089000
23/10/2020,27.07,0.38,1.42,26.66,27.37,26.52,8902400
24/10/2020,27.07,0,0,27.07,27.07,27.07,0
25/10/2020,27.07,0,0,27.07,27.07,27.07,0
26/10/2020,26.1,-0.97,-3.58,26.77,26.9,25.74,10619100
27/10/2020,25.53,-0.57,-2.18,26.16,26.72,25.5,8066200
28/10/2020,22.95,-2.58,-10.11,24.9,25,22.95,17475700
29/10/2020,23.21,0.26,1.13,23,23.65,21,18979400
30/10/2020,22.7,-0.51,-2.2,23.09,23.29,22.09,11783200
31/10/2020,22.7,0,0,22.7,22.7,22.7,0
01/11/2020,22.7,0,0,22.7,22.7,22.7,0
02/11/2020,22.7,0,0,22.7,22.7,22.7,0
03/11/2020,22.49,-0.21,-0.93,23.2,23.53,22.27,10342100
04/11/2020,23.38,0.89,3.96,22.95,23.61,22.42,10328800
05/11/2020,25.6,2.22,9.5,24,25.6,23.81,13186700
06/11/2020,25.93,0.33,1.29,24.99,26.07,24.56,11486000
07/11/2020,25.93,0,0,25.93,25.93,25.93,0
08/11/2020,25.93,0,0,25.93,25.93,25.93,0
09/11/2020,30.71,4.78,18.43,29.51,31.04,28.5,47545200
10/11/2020,30.29,-0.42,-1.37,30.05,31.9,29.76,21400000
11/11/2020,30.29,0,0,30.29,30.29,30.29,0
12/11/2020,27.9,-2.39,-7.89,29.48,29.79,27.82,16411500
13/11/2020,29,1.1,3.94,28.23,29.09,27.83,11503500
14/11/2020,29,0,0,29,29,29,0
15/11/2020,29,0,0,29,29,29,0
16/11/2020,32.15,3.15,10.86,30.39,32.83,29.82,30341300
17/11/2020,32.85,0.7,2.18,31.64,33.33,31.01,20170200
18/11/2020,34.3,1.45,4.41,33.52,35.59,33.33,32359600
19/11/2020,35.68,1.38,4.02,34.3,35.76,33.26,19031300
20/11/2020,34.63,-1.05,-2.94,35.52,36.25,34.52,13262200
21/11/2020,34.63,0,0,34.63,34.63,34.63,0
22/11/2020,34.63,0,0,34.63,34.63,34.63,0
23/11/2020,35.62,0.99,2.86,35.91,36.59,35.37,13313900
24/11/2020,35.89,0.27,0.76,36.2,36.43,35.46,11002600
25/11/2020,36,0.11,0.31,35.8,36.39,35.64,7427100
26/11/2020,37.23,1.23,3.42,35.81,37.8,35.6,8987400
27/11/2020,36.89,-0.34,-0.91,37.31,37.66,36.7,10359300
28/11/2020,36.89,0,0,36.89,36.89,36.89,0
29/11/2020,36.89,0,0,36.89,36.89,36.89,0
30/11/2020,38.02,1.13,3.06,37,40.2,36.93,24934800
01/12/2020,38.94,0.92,2.42,39.55,39.89,38.56,12572400
02/12/2020,40.52,1.58,4.06,39.04,40.78,38.78,12573000
03/12/2020,42.28,1.76,4.34,41.14,44.18,41.12,23015100
04/12/2020,42,-0.28,-0.66,43.51,43.93,41.31,10579100
05/12/2020,42,0,0,42,42,42,0
06/12/2020,42,0,0,42,42,42,0
07/12/2020,41.89,-0.11,-0.26,42.1,43.52,41.64,10352700
08/12/2020,41.39,-0.5,-1.19,42.4,43.29,41.17,9516300
09/12/2020,40.89,-0.5,-1.21,42,42.49,40.2,7809400
10/12/2020,40.05,-0.84,-2.05,41.39,41.49,39.12,8821300
11/12/2020,40.72,0.67,1.67,39.44,40.99,39.14,8350300
12/12/2020,40.72,0,0,40.72,40.72,40.72,0
13/12/2020,40.72,0,0,40.72,40.72,40.72,0
14/12/2020,39.54,-1.18,-2.9,41.3,41.64,39.44,8150100
15/12/2020,39.91,0.37,0.94,39.9,39.99,38.63,8913600
16/12/2020,39.68,-0.23,-0.58,39.93,40.49,39.15,7249800
17/12/2020,38.74,-0.94,-2.37,39.93,40.04,38.56,7185500
18/12/2020,37.95,-0.79,-2.04,38.59,39.3,37.66,7128500
19/12/2020,37.95,0,0,37.95,37.95,37.95,0
20/12/2020,37.95,0,0,37.95,37.95,37.95,0
21/12/2020,36.5,-1.45,-3.82,35,37.03,34.5,13218400
22/12/2020,35.27,-1.23,-3.37,36.83,37.1,34.63,8799400
23/12/2020,37.7,2.43,6.89,35.27,38.05,35.1,12345100
24/12/2020,37.7,0,0,37.7,37.7,37.7,0
25/12/2020,37.7,0,0,37.7,37.7,37.7,0
26/12/2020,37.7,0,0,37.7,37.7,37.7,0
27/12/2020,37.7,0,0,37.7,37.7,37.7,0
28/12/2020,37.77,0.07,0.19,38.3,38.75,37.17,7433100
29/12/2020,37.67,-0.1,-0.26,38.1,38.75,37.37,6005400
30/12/2020,39.3,1.63,4.33,38.02,39.7,37.8,10732400
