Data,Fechamento,Variação,Variação (%),Abertura,Máxima,Mínima,Volume
03/01/2020,37.51,0,0,36.9,38,36.88,30051900
04/01/2020,37.51,0,0,37.51,37.51,37.51,0
05/01/2020,37.51,0,0,37.51,37.51,37.51,0
06/01/2020,36.84,-0.67,-1.79,37.2,37.28,36.44,25300900
07/01/2020,36.2,-0.64,-1.74,36.75,36.96,36,14857300
08/01/2020,35.64,-0.56,-1.55,36.37,36.52,35.46,21266800
09/01/2020,35.07,-0.57,-1.6,35.78,35.89,34.72,23124800
10/01/2020,34.43,-0.64,-1.82,35.11,35.38,34.35,19870000
11/01/2020,34.43,0,0,34.43,34.43,34.43,0
12/01/2020,34.43,0,0,34.43,34.43,34.43,0
13/01/2020,34.8,0.37,1.07,34.78,34.95,34.57,16318400
14/01/2020,34.76,-0.04,-0.11,34.83,34.85,34.34,14231300
15/01/2020,34.15,-0.61,-1.75,34.58,34.62,33.87,21264300
16/01/2020,34.64,0.49,1.43,34.28,34.9,34.15,24654400
17/01/2020,35.45,0.81,2.34,34.85,35.56,34.78,22535700
18/01/2020,35.45,0,0,35.45,35.45,35.45,0
19/01/2020,35.45,0,0,35.45,35.45,35.45,0
20/01/2020,34.76,-0.69,-1.95,35.26,35.35,34.61,14011700
21/01/2020,33.6,-1.16,-3.34,34.5,34.67,33.59,23482400
22/01/2020,33.72,0.12,0.36,34,34.14,33.54,17860200
23/01/2020,34.61,0.89,2.64,33.49,34.96,33.35,29248100
24/01/2020,34.35,-0.26,-0.75,34.72,34.88,33.96,13412200
25/01/2020,34.35,0,0,34.35,34.35,34.35,0
26/01/2020,34.35,0,0,34.35,34.35,34.35,0
27/01/2020,33.56,-0.79,-2.3,33.98,34.07,33.43,14253400
28/01/2020,33.6,0.04,0.12,33.85,34.03,33.38,12507200
29/01/2020,33.12,-0.48,-1.43,33.86,33.92,33,16164300
30/01/2020,33.45,0.33,1,32.72,33.53,32.57,15806900
31/01/2020,32.89,-0.56,-1.67,33.04,33.28,32.62,17359700
01/02/2020,32.89,0,0,32.89,32.89,32.89,0
02/02/2020,32.89,0,0,32.89,32.89,32.89,0
03/02/2020,33.1,0.21,0.64,32.99,33.49,32.81,15142300
04/02/2020,33.1,0,0,33.75,33.76,33.04,20565000
05/02/2020,33.74,0.64,1.93,34.02,34.6,33.69,39343600
06/02/2020,33.35,-0.39,-1.16,34,34.27,33.17,23419700
07/02/2020,33.73,0.38,1.14,33.2,34.2,33.16,22761900
08/02/2020,33.73,0,0,33.73,33.73,33.73,0
09/02/2020,33.73,0,0,33.73,33.73,33.73,0
10/02/2020,34.09,0.36,1.07,33.85,34.46,33.52,24456100
11/02/2020,34.39,0.3,0.88,34.52,34.87,34.11,27205900
12/02/2020,33.93,-0.46,-1.34,34.38,34.52,33.6,49260400
13/02/2020,33.28,-0.65,-1.92,33.69,33.69,33.03,19204300
14/02/2020,32.53,-0.75,-2.25,33.27,33.32,32.4,22115300
15/02/2020,32.53,0,0,32.53,32.53,32.53,0
16/02/2020,32.53,0,0,32.53,32.53,32.53,0
17/02/2020,32.26,-0.27,-0.83,32.63,32.7,32.26,10809200
18/02/2020,32.07,-0.19,-0.59,32.02,32.37,31.68,26105900
19/02/2020,32.53,0.46,1.43,31.89,33,31.82,27194500
20/02/2020,32.06,-0.47,-1.44,32.85,32.85,32.01,20948900
21/02/2020,31.81,-0.25,-0.78,31.9,32.05,31.51,16212100
22/02/2020,31.81,0,0,31.81,31.81,31.81,0
23/02/2020,31.81,0,0,31.81,31.81,31.81,0
24/02/2020,31.81,0,0,31.81,31.81,31.81,0
25/02/2020,31.81,0,0,31.81,31.81,31.81,0
26/02/2020,30.1,-1.71,-5.38,30.67,30.93,29.82,29058600
27/02/2020,29.97,-0.13,-0.43,29.71,31.11,29.71,36054700
28/02/2020,30.53,0.56,,30.07,30.69,29.7,41908000
29/02/2020,30.53,0,0,30.53,30.53,30.53,0
01/03/2020,30.53,0,0,30.53,30.53,30.53,0
02/03/2020,30.94,0.41,1.34,30.55,31.08,30.12,33342600
03/03/2020,30.12,-0.82,-2.65,30.6,31.04,29.92,30969000
04/03/2020,30.45,0.33,1.1,30.58,30.63,29.73,29293400
05/03/2020,29.45,-1,-3.28,30.15,30.39,29.19,24099500
06/03/2020,28.61,-0.84,-2.85,28.55,29.24,28.22,30164700
07/03/2020,28.61,0,0,28.61,28.61,28.61,0
08/03/2020,28.61,0,0,28.61,28.61,28.61,0
09/03/2020,26.55,-2.06,-7.2,26.67,27.45,26.15,45857300
10/03/2020,27.45,0.9,3.39,28,28.37,26.22,33279200
11/03/2020,24.5,-2.95,-10.75,26.5,26.77,24.01,35481800
12/03/2020,21.76,-2.74,-11.18,22,22.8,21,38685900
13/03/2020,25,3.24,14.89,25.7,25.74,22.01,59674700
14/03/2020,25,0,0,25,25,25,0
15/03/2020,25,0,0,25,25,25,0
16/03/2020,22.05,-2.95,-11.8,22.4,24.17,21.64,45995900
17/03/2020,23.33,1.28,5.8,22.35,24.56,21.65,54246200
18/03/2020,21.05,-2.28,-9.77,21.8,22.51,19.7,59141300
19/03/2020,20.47,-0.58,-2.76,20,21.49,18.92,54410900
20/03/2020,19.39,-1.08,-5.28,21.53,21.7,18.96,50369400
21/03/2020,19.39,0,0,19.39,19.39,19.39,0
22/03/2020,19.39,0,0,19.39,19.39,19.39,0
23/03/2020,17.8,-1.59,-8.2,19.5,19.7,17.3,53271800
24/03/2020,20.13,2.33,13.09,19.01,20.61,18.92,36848000
25/03/2020,21.95,1.82,9.04,19.99,23.42,19.88,35713700
26/03/2020,22.35,0.4,1.82,22.2,23.27,21.36,38332500
27/03/2020,20.96,-1.39,-6.22,21.2,21.8,20.71,31769500
28/03/2020,20.96,0,0,20.96,20.96,20.96,0
29/03/2020,20.96,0,0,20.96,20.96,20.96,0
30/03/2020,21.58,0.62,2.96,21.14,21.83,20.76,31866900
31/03/2020,20.45,-1.13,-5.24,21.25,21.49,20.4,39086100
01/04/2020,19.9,-0.55,-2.69,20,20.17,19.38,25611300
02/04/2020,19.93,0.03,0.15,19.85,20.38,19.62,29931100
03/04/2020,19.24,-0.69,-3.46,19.8,19.83,18.22,40896600
04/04/2020,19.24,0,0,19.24,19.24,19.24,0
05/04/2020,19.24,0,0,19.24,19.24,19.24,0
06/04/2020,21.13,1.89,9.82,20.64,21.38,20.53,56656600
07/04/2020,21.8,0.67,3.17,22.5,22.93,21.66,37092600
08/04/2020,22.53,0.73,3.35,21.9,22.82,21.73,33828100
09/04/2020,22.6,0.07,0.31,22.7,23.28,22.26,37771200
10/04/2020,22.6,0,0,22.6,22.6,22.6,0
11/04/2020,22.6,0,0,22.6,22.6,22.6,0
12/04/2020,22.6,0,0,22.6,22.6,22.6,0
13/04/2020,23.15,0.55,2.43,22.37,23.2,21.8,32306000
14/04/2020,21.25,-1.9,-8.21,21.5,22.06,21.11,34432600
15/04/2020,20.57,-0.68,-3.2,20.74,21.06,20.4,36230700
16/04/2020,20.29,-0.28,-1.36,20.82,20.84,19.91,29284000
17/04/2020,20.35,0.06,0.3,20.48,20.69,19.76,26737200
18/04/2020,20.35,0,0,20.35,20.35,20.35,0
19/04/2020,20.35,0,0,20.35,20.35,20.35,0
20/04/2020,19.69,-0.66,-3.24,19.88,20.08,19.55,41960400
21/04/2020,19.69,0,0,19.69,19.69,19.69,0
22/04/2020,19.61,-0.08,-0.41,19.5,20.14,19.37,43366500
23/04/2020,19.32,-0.29,-1.48,19.9,20.15,19.03,42673100
24/04/2020,18.14,-1.18,-6.11,19.03,19.22,17.2,72942900
25/04/2020,18.14,0,0,18.14,18.14,18.14,0
26/04/2020,18.14,0,0,18.14,18.14,18.14,0
27/04/2020,18.41,0.27,1.49,18.64,19.06,18.15,43960400
28/04/2020,20.13,1.72,9.34,19.55,20.25,19.39,57299100
29/04/2020,20.8,0.67,3.33,20.53,20.8,19.89,36957300
30/04/2020,19.2,-1.6,-7.69,19.05,19.59,19.05,70325000
01/05/2020,19.2,0,0,19.2,19.2,19.2,0
02/05/2020,19.2,0,0,19.2,19.2,19.2,0
03/05/2020,19.2,0,0,19.2,19.2,19.2,0
04/05/2020,18.4,-0.8,-4.17,18.71,18.74,18.08,44358900
05/05/2020,18.33,-0.07,-0.38,18.5,19.04,18.16,51359100
06/05/2020,17.92,-0.41,-2.24,18.34,18.44,17.69,42069600
07/05/2020,17.2,-0.72,-4.02,18.05,18.08,17,70500600
08/05/2020,18.02,0.82,4.77,17.64,18.13,17.47,40080600
09/05/2020,18.02,0,0,18.02,18.02,18.02,0
10/05/2020,18.02,0,0,18.02,18.02,18.02,0
11/05/2020,17.62,-0.4,-2.22,17.8,18.56,17.6,30701600
12/05/2020,17.12,-0.5,-2.84,17.92,17.97,17.09,40746500
13/05/2020,17.04,-0.08,-0.47,17.28,17.51,16.61,53750500
14/05/2020,17.9,0.86,5.05,16.67,17.97,16.11,68452500
03/11/2020,20.85,0.6,2.96,20.54,21.02,20.33,57951300
04/11/2020,20.68,-0.17,-0.82,21.2,21.24,20.29,71735000
05/11/2020,21,0.32,1.55,21.05,21.14,20.53,49510300
06/11/2020,20.95,-0.05,-0.24,20.75,21.05,20.7,39437100
07/11/2020,20.95,0,0,20.95,20.95,20.95,0
08/11/2020,20.95,0,0,20.95,20.95,20.95,0
09/11/2020,22.94,1.99,9.5,22.15,23.26,21.86,119615700
10/11/2020,24.42,1.48,6.45,23.02,24.62,23.02,135808900
11/11/2020,24.32,-0.1,-0.41,24.36,24.59,23.62,76246400
12/11/2020,23.36,-0.96,-3.95,24.3,24.32,23.21,54954900
13/11/2020,24.19,0.83,3.55,23.61,24.19,23.33,55545400
14/11/2020,24.19,0,0,24.19,24.19,24.19,0
15/11/2020,24.19,0,0,24.19,24.19,24.19,0
16/11/2020,25.25,1.06,4.38,24.69,25.3,24.61,98061400
17/11/2020,25.4,0.15,0.59,25,25.4,24.72,63360500
18/11/2020,24.62,-0.78,-3.07,25.31,25.42,24.62,50655500
19/11/2020,24.64,0.02,0.08,24.63,25.11,24.54,32913900
20/11/2020,24.37,-0.27,-1.1,24.57,24.79,24.15,26686300
21/11/2020,24.37,0,0,24.37,24.37,24.37,0
22/11/2020,24.37,0,0,24.37,24.37,24.37,0
23/11/2020,24.48,0.11,0.45,24.67,24.84,24.37,31307600
24/11/2020,25.58,1.1,4.49,24.72,25.95,24.71,73876400
25/11/2020,25.25,-0.33,-1.29,25.52,25.68,24.98,42328800
26/11/2020,24.84,-0.41,-1.62,25.13,25.17,24.7,20818700
27/11/2020,24.64,-0.2,-0.81,25.04,25.33,24.64,33092400
28/11/2020,24.64,0,0,24.64,24.64,24.64,0
29/11/2020,24.64,0,0,24.64,24.64,24.64,0
30/11/2020,24.3,-0.34,-1.38,24.53,24.83,24.23,50861700
01/12/2020,25.66,1.36,5.6,24.79,26.19,24.73,64577500
02/12/2020,25.92,0.26,1.01,25.9,26.09,25.44,44880700
03/12/2020,25.58,-0.34,-1.31,25.9,26.72,25.52,54751800
04/12/2020,25.8,0.22,0.86,26.02,26.08,25.45,39750600
05/12/2020,25.8,0,0,25.8,25.8,25.8,0
06/12/2020,25.8,0,0,25.8,25.8,25.8,0
07/12/2020,25.97,0.17,0.66,25.66,26.49,25.53,34791200
08/12/2020,25.66,-0.31,-1.19,25.89,26.33,25.54,34197900
09/12/2020,25.73,0.07,0.27,25.66,25.92,25.54,32330000
10/12/2020,26.79,1.06,4.12,25.95,26.9,25.94,61757800
11/12/2020,26.58,-0.21,-0.78,26.4,26.83,26.16,40042700
12/12/2020,26.58,0,0,26.58,26.58,26.58,0
13/12/2020,26.58,0,0,26.58,26.58,26.58,0
14/12/2020,26.44,-0.14,-0.53,26.75,27,26.44,30108500
15/12/2020,26.44,0,0,26.64,26.93,26.44,27413000
16/12/2020,27.04,0.6,2.27,26.57,27.48,26.31,47112700
17/12/2020,27.17,0.13,0.48,27.4,27.57,26.94,37990200
18/12/2020,27.22,0.05,0.18,27.13,27.59,27.01,44708400
19/12/2020,27.22,0,0,27.22,27.22,27.22,0
20/12/2020,27.22,0,0,27.22,27.22,27.22,0
21/12/2020,26.56,-0.66,-2.42,26.6,27.09,26.53,58190200
22/12/2020,27.1,0.54,2.03,26.76,27.25,26.76,31840600
23/12/2020,27.72,0.62,2.29,27.32,27.9,27.16,26350200
24/12/2020,27.72,0,0,27.72,27.72,27.72,0
25/12/2020,27.72,0,0,27.72,27.72,27.72,0
26/12/2020,27.72,0,0,27.72,27.72,27.72,0
27/12/2020,27.72,0,0,27.72,27.72,27.72,0
28/12/2020,27.99,0.27,0.97,28.1,28.26,27.92,37557800
29/12/2020,27.53,-0.46,-1.64,27.82,27.88,27.37,22192700
30/12/2020,27.14,-0.39,-1.42,27.63,27.74,27.14,22033100
