Data,Fechamento,Variação,Variação (%),Abertura,Máxima,Mínima,Volume
23/03/2020,20.62,-1.48,-6.7,22.26,22.49,20,53457900
24/03/2020,22.5,1.88,9.12,21.7,23.28,21.5,51467700
25/03/2020,23.5,1,4.44,22.23,24.73,22.01,43889700
26/03/2020,24.4,0.9,3.83,24.23,24.82,23.72,50777700
27/03/2020,23.1,-1.3,-5.33,23.02,24.02,22.51,41981300
28/03/2020,23.1,0,0,23.1,23.1,23.1,0
29/03/2020,23.1,0,0,23.1,23.1,23.1,0
30/03/2020,24.2,1.1,4.76,23.11,24.39,22.83,30225500
31/03/2020,22.92,-1.28,-5.29,23.95,24.25,22.81,40625200
01/04/2020,21.51,-1.41,-6.15,22.22,22.38,21.19,44343800
02/04/2020,21.52,0.01,0.05,21.38,22,21.15,39132700
03/04/2020,20.73,-0.79,-3.67,21.42,21.48,20.01,37393100
04/04/2020,20.73,0,0,20.73,20.73,20.73,0
05/04/2020,20.73,0,0,20.73,20.73,20.73,0
06/04/2020,22.2,1.47,7.09,22.14,22.68,21.89,39305700
07/04/2020,23.05,0.85,3.83,23.5,23.88,22.92,38049700
08/04/2020,24.33,1.28,5.55,23.01,24.39,22.94,40947000
09/04/2020,23.63,-0.7,-2.88,24.46,24.7,23.5,37307000
10/04/2020,23.63,0,0,23.63,23.63,23.63,0
11/04/2020,23.63,0,0,23.63,23.63,23.63,0
12/04/2020,23.63,0,0,23.63,23.63,23.63,0
13/04/2020,24.1,0.47,1.99,23.45,24.13,23.02,21602700
14/04/2020,24.42,0.32,1.33,24.46,25.15,24.3,33766100
15/04/2020,23.5,-0.92,-3.77,23.85,24.48,23.37,34845100
16/04/2020,23.2,-0.3,-1.28,23.7,23.82,22.8,31071300
17/04/2020,23.1,-0.1,-0.43,23.44,23.61,22.61,25164100
18/04/2020,23.1,0,0,23.1,23.1,23.1,0
19/04/2020,23.1,0,0,23.1,23.1,23.1,0
20/04/2020,22.7,-0.4,-1.73,22.72,22.97,22.5,28583800
21/04/2020,22.7,0,0,22.7,22.7,22.7,0
22/04/2020,22.4,-0.3,-1.32,22.4,23.13,22.21,48051200
23/04/2020,22,-0.4,-1.79,22.66,22.74,21.84,41455100
24/04/2020,21.18,-0.82,-3.73,21.74,21.82,20.37,68819700
25/04/2020,21.18,0,0,21.18,21.18,21.18,0
26/04/2020,21.18,0,0,21.18,21.18,21.18,0
27/04/2020,21.59,0.41,1.94,21.54,22.14,21.1,38416700
28/04/2020,23.38,1.79,8.29,22.98,23.61,22.59,58267500
29/04/2020,23.88,0.5,2.14,24,24.12,23.16,31532100
30/04/2020,22.79,-1.09,-4.56,22.59,23.33,22.46,46293100
01/05/2020,22.79,0,0,22.79,22.79,22.79,0
02/05/2020,22.79,0,0,22.79,22.79,22.79,0
03/05/2020,22.79,0,0,22.79,22.79,22.79,0
04/05/2020,21.99,-0.8,-3.51,21.95,22.09,21.78,32042300
05/05/2020,22.8,0.81,3.68,22.2,23.37,21.91,51925500
06/05/2020,22.15,-0.65,-2.85,22.6,22.78,22,29178900
07/05/2020,21.62,-0.53,-2.39,22.38,22.48,21.13,52200500
08/05/2020,22.54,0.92,4.26,22.02,22.77,21.9,35745100
09/05/2020,22.54,0,0,22.54,22.54,22.54,0
10/05/2020,22.54,0,0,22.54,22.54,22.54,0
11/05/2020,22.32,-0.22,-0.98,22.17,23.03,22.17,38216500
12/05/2020,21.67,-0.65,-2.91,22.51,22.66,21.59,43248200
13/05/2020,21.82,0.15,0.69,21.74,21.94,21.2,34711100
14/05/2020,22.55,0.73,3.35,21.31,22.6,20.73,61771700
15/05/2020,21.8,-0.75,-3.33,22.5,22.77,21.63,37767500
16/05/2020,21.8,0,0,21.8,21.8,21.8,0
17/05/2020,21.8,0,0,21.8,21.8,21.8,0
18/05/2020,22.8,1,4.59,22.45,22.94,22.01,49600900
19/05/2020,21.73,-1.07,-4.69,22.63,22.72,21.61,40881800
20/05/2020,21.64,-0.09,-0.41,21.93,21.95,21.36,41396000
21/05/2020,22.85,1.21,5.59,21.72,22.85,21.71,60803900
22/05/2020,23.41,0.56,2.45,22.6,23.41,22.21,51255200
23/05/2020,23.41,0,0,23.41,23.41,23.41,0
24/05/2020,23.41,0,0,23.41,23.41,23.41,0
25/05/2020,23.99,0.58,2.48,23.91,24.19,23.39,28158200
26/05/2020,22.96,-1.03,-4.29,24.33,24.42,22.86,53066900
27/05/2020,23.73,0.77,3.35,23.64,23.8,23.16,36440100
28/05/2020,23.33,-0.4,-1.69,23.49,24.05,23.25,23918500
29/05/2020,23.1,-0.23,-0.99,23.18,23.3,22.71,53968500
30/05/2020,23.1,0,0,23.1,23.1,23.1,0
31/05/2020,23.1,0,0,23.1,23.1,23.1,0
01/06/2020,23.71,0.61,2.64,22.83,23.85,22.7,39221300
02/06/2020,25.27,1.56,6.58,24,25.3,23.83,57810700
03/06/2020,25.88,0.61,2.41,26.3,26.77,25.41,58718200
04/06/2020,26.69,0.81,3.13,25.77,26.83,25.48,44336600
05/06/2020,27.4,0.71,2.66,28.16,28.7,27.15,64665500
06/06/2020,27.4,0,0,27.4,27.4,27.4,0
07/06/2020,27.4,0,0,27.4,27.4,27.4,0
08/06/2020,28.34,0.94,3.43,27.61,28.48,27.51,31763300
09/06/2020,27.78,-0.56,-1.98,27.57,28.24,27.26,51638000
10/06/2020,26.65,-1.13,-4.07,28.11,28.17,26.48,49244800
11/06/2020,26.65,0,0,26.65,26.65,26.65,0
12/06/2020,26.13,-0.52,-1.95,25.91,26.37,25.62,54204000
13/06/2020,26.13,0,0,26.13,26.13,26.13,0
14/06/2020,26.13,0,0,26.13,26.13,26.13,0
15/06/2020,25.5,-0.63,-2.41,25.1,25.99,25.03,37413100
16/06/2020,26.25,0.75,2.94,26.5,26.57,25.7,38011200
17/06/2020,26.5,0.25,0.95,26.18,26.94,26.15,35792100
18/06/2020,27.45,0.95,3.58,26.5,27.91,26.32,53971500
19/06/2020,28.05,0.6,2.19,28.1,28.24,27.58,62091700
20/06/2020,28.05,0,0,28.05,28.05,28.05,0
21/06/2020,28.05,0,0,28.05,28.05,28.05,0
22/06/2020,27.21,-0.84,-2.99,28.04,28.24,26.91,29284200
23/06/2020,26.83,-0.38,-1.4,27.7,27.75,26.56,59605500
24/06/2020,25.9,-0.93,-3.47,26.79,26.92,25.6,57364300
25/06/2020,26.14,0.24,0.93,26.03,26.33,25.51,46375100
26/06/2020,25.67,-0.47,-1.8,25.71,26.22,25.54,39663400
27/06/2020,25.67,0,0,25.67,25.67,25.67,0
28/06/2020,25.67,0,0,25.67,25.67,25.67,0
29/06/2020,26.54,0.87,3.39,25.9,26.54,25.75,30767300
30/06/2020,25.52,-1.02,-3.84,26.22,26.31,25.4,45729200
01/07/2020,26.08,0.56,2.19,25.6,26.21,25.54,39135400
02/07/2020,26.45,0.37,1.42,26.5,27.25,26.41,41598300
03/07/2020,26.54,0.09,0.34,26.39,26.69,26.2,10241400
04/07/2020,26.54,0,0,26.54,26.54,26.54,0
05/07/2020,26.54,0,0,26.54,26.54,26.54,0
06/07/2020,27.74,1.2,4.52,27.12,27.85,26.85,29369300
07/07/2020,26.39,-1.35,-4.87,27.43,27.71,26.32,64917300
08/07/2020,26.94,0.55,2.08,26.65,27.07,26.5,33988600
09/07/2020,26.8,-0.14,-0.52,27.02,27.17,26.58,43480000
10/07/2020,27.15,0.35,1.31,26.95,27.31,26.62,24056400
11/07/2020,27.15,0,0,27.15,27.15,27.15,0
12/07/2020,27.15,0,0,27.15,27.15,27.15,0
13/07/2020,26.75,-0.4,-1.47,27.45,27.55,26.72,24781700
14/07/2020,27.12,0.37,1.38,26.75,27.42,26.44,28445300
15/07/2020,27.37,0.25,0.92,27.54,27.8,27.07,31952200
16/07/2020,27.01,-0.36,-1.32,27.17,27.32,26.92,19476200
17/07/2020,27.21,0.2,0.74,27.11,27.4,27,32460900
18/07/2020,27.21,0,0,27.21,27.21,27.21,0
19/07/2020,27.21,0,0,27.21,27.21,27.21,0
20/07/2020,27.31,0.1,0.37,27.25,27.53,26.96,28731700
21/07/2020,27.68,0.37,1.35,27.6,28.04,27.36,37090400
22/07/2020,27.12,-0.56,-2.02,27.85,27.85,26.77,45613600
23/07/2020,26.52,-0.6,-2.21,27.1,27.14,26.46,29315400
24/07/2020,26.5,-0.02,-0.08,26.35,26.88,26.11,30196700
25/07/2020,26.5,0,0,26.5,26.5,26.5,0
26/07/2020,26.5,0,0,26.5,26.5,26.5,0
27/07/2020,27.72,1.22,4.6,26.63,27.92,26.54,49460600
28/07/2020,27.64,-0.08,-0.29,27.72,28.26,27.52,23778800
29/07/2020,28.26,0.62,2.24,28.15,28.49,27.88,27162200
30/07/2020,28.01,-0.25,-0.88,27.87,28.23,27.42,29092900
31/07/2020,27.07,-0.94,-3.36,27.94,27.98,26.79,30880200
01/08/2020,27.07,0,0,27.07,27.07,27.07,0
02/08/2020,27.07,0,0,27.07,27.07,27.07,0
03/08/2020,27.27,0.2,0.74,27.1,27.71,26.5,33197100
04/08/2020,25.59,-1.68,-6.16,26.25,26.69,25.41,60898200
05/08/2020,25.71,0.12,0.47,26.15,26.3,25.36,49930400
06/08/2020,26.02,0.31,1.21,25.7,26.3,25.41,29915600
07/08/2020,25.48,-0.54,-2.08,25.63,26.45,25.4,66608400
08/08/2020,25.48,0,0,25.48,25.48,25.48,0
09/08/2020,25.48,0,0,25.48,25.48,25.48,0
10/08/2020,25.73,0.25,0.98,25.52,26.08,25.41,30106100
11/08/2020,25.51,-0.22,-0.86,26.12,26.29,25.51,26227500
12/08/2020,25.22,-0.29,-1.14,25.69,25.86,24.91,49561800
13/08/2020,24.5,-0.72,-2.85,25.46,25.55,24.5,40945900
14/08/2020,24.73,0.23,0.94,24.57,25.21,24.37,30640600
15/08/2020,24.73,0,0,24.73,24.73,24.73,0
16/08/2020,24.73,0,0,24.73,24.73,24.73,0
17/08/2020,24.14,-0.59,-2.39,24.72,24.75,23.85,37792600
18/08/2020,24.24,0.1,0.41,24.62,24.64,24.05,41973500
19/08/2020,24.12,-0.12,-0.5,24.32,24.42,24.02,27450600
20/08/2020,24.12,0,0,23.7,24.24,23.54,33264500
21/08/2020,24.08,-0.04,-0.17,23.91,24.24,23.81,23749000
22/08/2020,24.08,0,0,24.08,24.08,24.08,0
23/08/2020,24.08,0,0,24.08,24.08,24.08,0
24/08/2020,24.52,0.44,1.83,24.25,24.83,24.23,33449000
25/08/2020,24.26,-0.26,-1.06,24.64,24.7,24.12,31997300
26/08/2020,23.7,-0.56,-2.31,24.3,24.36,23.51,30643300
27/08/2020,24.14,0.44,1.86,23.89,24.5,23.8,35293000
28/08/2020,24.38,0.24,0.99,24.3,24.56,24.15,56136100
29/08/2020,24.38,0,0,24.38,24.38,24.38,0
30/08/2020,24.38,0,0,24.38,24.38,24.38,0
31/08/2020,23.72,-0.66,-2.71,24.17,24.29,23.55,45045400
01/09/2020,24.34,0.62,2.61,23.87,24.36,23.73,56182800
02/09/2020,24.31,-0.03,-0.12,24.35,24.45,23.9,25170900
03/09/2020,24.95,0.64,2.63,24.2,25.5,24.16,81001700
04/09/2020,24.79,-0.16,-0.64,25.16,25.29,24.55,41679900
05/09/2020,24.79,0,0,24.79,24.79,24.79,0
06/09/2020,24.79,0,0,24.79,24.79,24.79,0
07/09/2020,24.79,0,0,24.79,24.79,24.79,0
08/09/2020,24.42,-0.37,-1.49,24.56,24.77,24.27,29238000
09/09/2020,24.41,-0.01,-0.04,24.6,24.81,24.16,29670800
10/09/2020,23.8,-0.61,-2.5,24.4,24.66,23.8,36321500
11/09/2020,23.55,-0.25,-1.05,23.95,24.07,23.43,23347700
12/09/2020,23.55,0,0,23.55,23.55,23.55,0
13/09/2020,23.55,0,0,23.55,23.55,23.55,0
14/09/2020,23.95,0.4,1.7,23.79,24.22,23.32,43488900
15/09/2020,23.76,-0.19,-0.79,24.17,24.23,23.6,29225600
16/09/2020,23.69,-0.07,-0.29,23.76,24.22,23.64,25625200
17/09/2020,23.71,0.02,0.08,23.5,23.83,23.39,25068700
18/09/2020,23,-0.71,-2.99,23.5,23.62,23,39088400
19/09/2020,23,0,0,23,23,23,0
20/09/2020,23,0,0,23,23,23,0
21/09/2020,22.95,-0.05,-0.22,22.75,23.02,22.45,36572200
22/09/2020,23.09,0.14,0.61,22.85,23.31,22.76,27268300
23/09/2020,22.5,-0.59,-2.56,22.92,23.13,22.47,24621300
24/09/2020,23.01,0.51,2.27,22.5,23.34,22.42,40036100
25/09/2020,22.92,-0.09,-0.39,22.81,22.98,22.62,21771300
26/09/2020,22.92,0,0,22.92,22.92,22.92,0
27/09/2020,22.92,0,0,22.92,22.92,22.92,0
28/09/2020,22.9,-0.02,-0.09,23.25,23.9,22.58,58336100
29/09/2020,22.4,-0.5,-2.18,22.9,22.91,22.3,27102100
30/09/2020,22.49,0.09,0.4,22.58,22.69,22.37,22314900
01/10/2020,22.52,0.03,0.13,22.55,22.6,22.18,20474100
02/10/2020,22.57,0.05,0.22,22.36,23.32,22.34,35482000
03/10/2020,22.57,0,0,22.57,22.57,22.57,0
04/10/2020,22.57,0,0,22.57,22.57,22.57,0
05/10/2020,22.81,0.24,1.06,22.72,23.01,22.34,22837500
06/10/2020,22.82,0.01,0.04,23.09,23.38,22.71,21135900
07/10/2020,22.68,-0.14,-0.61,22.93,23,22.57,22796100
08/10/2020,24.08,1.4,6.17,22.72,24.28,22.6,63209400
09/10/2020,24.01,-0.07,-0.29,23.9,24.61,23.59,48948600
10/10/2020,24.01,0,0,24.01,24.01,24.01,0
11/10/2020,24.01,0,0,24.01,24.01,24.01,0
12/10/2020,24.01,0,0,24.01,24.01,24.01,0
13/10/2020,23.7,-0.31,-1.29,23.98,24.13,23.62,31012000
14/10/2020,23.65,-0.05,-0.21,23.89,23.97,23.59,22051900
15/10/2020,23.51,-0.14,-0.59,23.46,23.73,23.26,21805300
16/10/2020,23.15,-0.36,-1.53,23.41,23.45,23.09,21261200
17/10/2020,23.15,0,0,23.15,23.15,23.15,0
18/10/2020,23.15,0,0,23.15,23.15,23.15,0
19/10/2020,23.39,0.24,1.04,23.25,23.95,22.94,38280600
20/10/2020,24.34,0.95,4.06,23.52,24.4,23.5,45724900
21/10/2020,24.48,0.14,0.58,24.26,24.94,24.07,38138400
22/10/2020,25.8,1.32,5.39,24.57,25.92,24.55,66456800
23/10/2020,25.45,-0.35,-1.36,25.9,26.3,25.41,50548200
24/10/2020,25.45,0,0,25.45,25.45,25.45,0
25/10/2020,25.45,0,0,25.45,25.45,25.45,0
26/10/2020,25.64,0.19,0.75,25.3,25.86,25.16,32133100
27/10/2020,24.61,-1.03,-4.02,26.1,26.17,24.54,47280100
28/10/2020,23.88,-0.73,-2.97,24.25,24.42,23.73,38652600
29/10/2020,23.61,-0.27,-1.13,23.58,24.04,23.04,42962500
30/10/2020,23.57,-0.04,-0.17,23.65,23.93,23.23,39190000
31/10/2020,23.57,0,0,23.57,23.57,23.57,0
01/11/2020,23.57,0,0,23.57,23.57,23.57,0
02/11/2020,23.57,0,0,23.57,23.57,23.57,0
03/11/2020,24.04,0.47,1.99,23.9,24.32,23.71,37440300
04/11/2020,25,0.96,3.99,25.5,25.74,24.87,96994100
05/11/2020,25.59,0.59,2.36,25.51,25.94,25.41,44134800
06/11/2020,25.56,-0.03,-0.12,25.35,25.82,25.26,31827000
07/11/2020,25.56,0,0,25.56,25.56,25.56,0
08/11/2020,25.56,0,0,25.56,25.56,25.56,0
09/11/2020,27.63,2.07,8.1,26.74,28.02,26.74,100112100
10/11/2020,28.88,1.25,4.52,27.65,29.15,27.65,85146900
11/11/2020,28.64,-0.24,-0.83,28.76,29,28.21,61520200
12/11/2020,27.94,-0.7,-2.44,28.42,28.85,27.59,46072600
13/11/2020,28.47,0.53,1.9,28.17,28.6,27.99,36847800
14/11/2020,28.47,0,0,28.47,28.47,28.47,0
15/11/2020,28.47,0,0,28.47,28.47,28.47,0
16/11/2020,29.47,1,3.51,29.02,29.59,28.9,54007200
17/11/2020,29.49,0.02,0.07,29.37,29.61,28.9,40598300
18/11/2020,28.77,-0.72,-2.44,29.43,29.57,28.71,41345800
19/11/2020,28.81,0.04,0.14,28.9,29.4,28.67,26623900
20/11/2020,28.55,-0.26,-0.9,28.72,28.98,28.39,18239100
21/11/2020,28.55,0,0,28.55,28.55,28.55,0
22/11/2020,28.55,0,0,28.55,28.55,28.55,0
23/11/2020,28.9,0.35,1.23,28.85,29.21,28.73,27575800
24/11/2020,29.71,0.81,2.8,29.1,30.18,29.1,47660000
25/11/2020,29.36,-0.35,-1.18,29.62,29.79,28.93,42232200
26/11/2020,28.74,-0.62,-2.11,29.29,29.34,28.62,30682100
27/11/2020,28.96,0.22,0.77,29.05,29.79,28.9,44145000
28/11/2020,28.96,0,0,28.96,28.96,28.96,0
29/11/2020,28.96,0,0,28.96,28.96,28.96,0
30/11/2020,28.56,-0.4,-1.38,28.97,29.2,28.56,59889300
01/12/2020,29.75,1.19,4.17,29.05,30.47,28.94,51364700
02/12/2020,29.98,0.23,0.77,29.92,30.24,29.44,32149300
03/12/2020,29.96,-0.02,-0.07,30.14,30.88,29.9,39887800
04/12/2020,30.26,0.3,1,30.22,30.41,29.65,35096600
05/12/2020,30.26,0,0,30.26,30.26,30.26,0
06/12/2020,30.26,0,0,30.26,30.26,30.26,0
07/12/2020,30.44,0.18,0.59,30.25,31.06,30.03,30663100
08/12/2020,30.36,-0.08,-0.26,30.44,31.13,30.19,27834200
09/12/2020,30.54,0.18,0.59,30.39,30.74,30.29,31583600
10/12/2020,31.55,1.01,3.31,30.76,31.72,30.76,50472900
11/12/2020,31.3,-0.25,-0.79,31.17,31.48,30.81,24005000
12/12/2020,31.3,0,0,31.3,31.3,31.3,0
13/12/2020,31.3,0,0,31.3,31.3,31.3,0
14/12/2020,30.88,-0.42,-1.34,31.47,31.63,30.88,26750300
15/12/2020,31.16,0.28,0.91,30.97,31.4,30.93,25053800
16/12/2020,31.75,0.59,1.89,31.24,32.18,31.02,41207900
17/12/2020,31.71,-0.04,-0.13,31.89,32.15,31.57,17861500
18/12/2020,31.66,-0.05,-0.16,31.72,32.12,31.51,31714100
19/12/2020,31.66,0,0,31.66,31.66,31.66,0
20/12/2020,31.66,0,0,31.66,31.66,31.66,0
21/12/2020,31.1,-0.56,-1.77,31.05,31.5,30.91,26014600
22/12/2020,31.25,0.15,0.48,31.17,31.65,31.15,19659000
23/12/2020,31.94,0.69,2.21,31.32,32.05,31.27,19959200
24/12/2020,31.94,0,0,31.94,31.94,31.94,0
25/12/2020,31.94,0,0,31.94,31.94,31.94,0
26/12/2020,31.94,0,0,31.94,31.94,31.94,0
27/12/2020,31.94,0,0,31.94,31.94,31.94,0
28/12/2020,32.17,0.23,0.72,32.22,32.43,32.01,15444600
29/12/2020,32.1,-0.07,-0.22,32.27,32.39,31.93,16384200
30/12/2020,31.63,-0.47,-1.46,32.2,32.33,31.63,25644400
