Data,Fechamento,Variação,Variação (%),Abertura,Máxima,Mínima,Volume
19/03/2020,12,0.49,4.26,11.07,13.07,10.85,157065200
20/03/2020,11.99,-0.01,-0.08,13.11,13.5,11.83,149029900
21/03/2020,11.99,0,0,11.99,11.99,11.99,0
22/03/2020,11.99,0,0,11.99,11.99,11.99,0
23/03/2020,11.69,-0.3,-2.5,12.11,12.18,11.28,107092400
24/03/2020,13.13,1.44,12.32,12.57,13.54,12.28,114259200
25/03/2020,14.29,1.16,8.83,13.24,14.79,12.83,158286200
26/03/2020,14.4,0.11,0.77,14.4,15.19,13.81,130618400
27/03/2020,13.4,-1,-6.94,13.3,13.69,13.25,101405900
28/03/2020,13.4,0,0,13.4,13.4,13.4,0
29/03/2020,13.4,0,0,13.4,13.4,13.4,0
30/03/2020,13.49,0.09,0.67,13.15,13.74,12.83,110947200
31/03/2020,13.9,0.41,3.04,13.6,14.54,13.6,156116500
01/04/2020,14.4,0.5,3.6,13.45,14.55,13.32,114455000
02/04/2020,15.52,1.12,7.78,15.4,16.55,15.01,234951200
03/04/2020,15.28,-0.24,-1.55,16.3,16.36,14.93,142898700
04/04/2020,15.28,0,0,15.28,15.28,15.28,0
05/04/2020,15.28,0,0,15.28,15.28,15.28,0
06/04/2020,15.81,0.53,3.47,16.05,16.1,15.18,123934200
07/04/2020,16.47,0.66,4.17,16.61,17.07,16.34,140498900
08/04/2020,17.49,1.02,6.19,16.5,17.53,16.4,116151600
09/04/2020,16.88,-0.61,-3.49,17.94,18.69,16.5,185771300
10/04/2020,16.88,0,0,16.88,16.88,16.88,0
11/04/2020,16.88,0,0,16.88,16.88,16.88,0
12/04/2020,16.88,0,0,16.88,16.88,16.88,0
13/04/2020,16.9,0.02,0.12,16.82,17.09,16.33,93724000
14/04/2020,16.78,-0.12,-0.71,17.02,17.3,16.61,91017200
15/04/2020,16.46,-0.32,-1.91,16.04,16.47,15.86,86749600
16/04/2020,15.83,-0.63,-3.83,16.67,16.76,15.53,115633300
17/04/2020,16.11,0.28,1.77,15.75,16.15,15.56,116733000
18/04/2020,16.11,0,0,16.11,16.11,16.11,0
19/04/2020,16.11,0,0,16.11,16.11,16.11,0
20/04/2020,15.99,-0.12,-0.74,15.48,16.33,15.34,133739400
21/04/2020,15.99,0,0,15.99,15.99,15.99,0
22/04/2020,16.75,0.76,4.75,15.85,16.75,15.78,114967100
23/04/2020,16.9,0.15,0.9,17.2,17.43,16.62,94759000
24/04/2020,16.2,-0.7,-4.14,16.69,16.79,15.28,161188800
25/04/2020,16.2,0,0,16.2,16.2,16.2,0
26/04/2020,16.2,0,0,16.2,16.2,16.2,0
27/04/2020,16.36,0.16,0.99,16.14,16.53,15.78,85944900
28/04/2020,17.18,0.82,5.01,17.04,17.25,16.63,91613600
29/04/2020,18.28,1.1,6.4,17.8,18.48,17.53,94528400
30/04/2020,18.01,-0.27,-1.48,17.98,18.42,17.7,80263900
01/05/2020,18.01,0,0,18.01,18.01,18.01,0
02/05/2020,18.01,0,0,18.01,18.01,18.01,0
03/05/2020,18.01,0,0,18.01,18.01,18.01,0
04/05/2020,17.45,-0.56,-3.11,17.43,17.62,17.18,60268400
05/05/2020,18.03,0.58,3.32,17.9,18.48,17.87,75043400
06/05/2020,17.24,-0.79,-4.38,17.87,18.06,17.2,67937500
07/05/2020,17.46,0.22,1.28,17.75,17.87,17.35,81265100
08/05/2020,18.6,1.14,6.53,17.74,18.6,17.71,83232700
09/05/2020,18.6,0,0,18.6,18.6,18.6,0
10/05/2020,18.6,0,0,18.6,18.6,18.6,0
11/05/2020,18.15,-0.45,-2.42,18.3,18.93,18.11,65061500
12/05/2020,18.03,-0.12,-0.66,18.53,18.83,18,71837200
13/05/2020,17.73,-0.3,-1.66,18.26,18.35,17.52,87222300
14/05/2020,17.68,-0.05,-0.28,17.4,17.7,16.72,119653200
15/05/2020,17.15,-0.53,-3,17.99,18.19,17.15,133733100
16/05/2020,17.15,0,0,17.15,17.15,17.15,0
17/05/2020,17.15,0,0,17.15,17.15,17.15,0
18/05/2020,18.54,1.39,8.1,18.1,18.55,17.92,116999500
19/05/2020,18.78,0.24,1.29,18.51,18.93,18.41,80131600
20/05/2020,19.38,0.6,3.19,19.09,19.44,19.06,74595100
21/05/2020,19.21,-0.17,-0.88,19.5,19.77,19.07,81327000
22/05/2020,19.04,-0.17,-0.88,18.8,19.04,18.35,71259400
23/05/2020,19.04,0,0,19.04,19.04,19.04,0
24/05/2020,19.04,0,0,19.04,19.04,19.04,0
25/05/2020,19.55,0.51,2.68,19.48,19.56,19.26,38033000
26/05/2020,19.76,0.21,1.07,19.98,20.09,19.33,68716900
27/05/2020,19.89,0.13,0.66,19.8,19.94,19.15,74790800
28/05/2020,19.73,-0.16,-0.8,19.69,20.08,19.45,65023000
29/05/2020,20.44,0.71,3.6,19.55,20.45,19.3,128832600
30/05/2020,20.44,0,0,20.44,20.44,20.44,0
31/05/2020,20.44,0,0,20.44,20.44,20.44,0
01/06/2020,20.36,-0.08,-0.39,20.15,20.56,20,86579500
02/06/2020,21.45,1.09,5.35,20.75,21.5,20.6,77235100
03/06/2020,21.49,0.04,0.19,21.86,21.91,21.4,86219700
04/06/2020,21.52,0.03,0.14,21.39,21.78,21.04,107401400
05/06/2020,22.02,0.5,2.32,22.29,23.03,22.02,114137700
06/06/2020,22.02,0,0,22.02,22.02,22.02,0
07/06/2020,22.02,0,0,22.02,22.02,22.02,0
08/06/2020,22.5,0.48,2.18,22.55,22.59,22.01,82444400
09/06/2020,21.78,-0.72,-3.2,22.03,22.04,21.64,96488300
10/06/2020,21.3,-0.48,-2.2,21.89,21.9,21,102551100
11/06/2020,21.3,0,0,21.3,21.3,21.3,0
12/06/2020,20.57,-0.73,-3.43,20.62,21.17,20.1,116746700
13/06/2020,20.57,0,0,20.57,20.57,20.57,0
14/06/2020,20.57,0,0,20.57,20.57,20.57,0
15/06/2020,20.71,0.14,0.68,19.81,21.09,19.54,99931000
16/06/2020,21.36,0.65,3.14,21.56,21.91,21.17,94510600
17/06/2020,21.45,0.09,0.42,21.48,21.85,21.15,63268700
18/06/2020,21.59,0.14,0.65,21.18,21.77,21.08,56893300
19/06/2020,21.3,-0.29,-1.34,22,22.22,21.22,91139800
20/06/2020,21.3,0,0,21.3,21.3,21.3,0
21/06/2020,21.3,0,0,21.3,21.3,21.3,0
22/06/2020,20.92,-0.38,-1.78,21.6,21.6,20.9,45419000
23/06/2020,21.69,0.77,3.68,21.22,22.07,21.14,78950900
24/06/2020,21.03,-0.66,-3.04,21.49,21.56,20.71,65162400
25/06/2020,21.38,0.35,1.66,20.91,21.5,20.73,47263500
26/06/2020,20.82,-0.56,-2.62,21.21,21.47,20.78,55499300
27/06/2020,20.82,0,0,20.82,20.82,20.82,0
28/06/2020,20.82,0,0,20.82,20.82,20.82,0
29/06/2020,21.66,0.84,4.03,21.1,21.68,20.93,59809600
30/06/2020,21.5,-0.16,-0.74,21.34,21.8,21.09,65010600
01/07/2020,21.66,0.16,0.74,21.75,22.25,21.52,78983900
02/07/2020,22.1,0.44,2.03,22.1,22.21,21.86,56345900
03/07/2020,22,-0.1,-0.45,21.95,22.18,21.8,24060000
04/07/2020,22,0,0,22,22,22,0
05/07/2020,22,0,0,22,22,22,0
06/07/2020,22.43,0.43,1.95,22.39,22.86,22.31,58070900
07/07/2020,22.26,-0.17,-0.76,22.34,22.47,22.14,46591300
08/07/2020,22.65,0.39,1.75,22.45,22.76,22.4,49136300
09/07/2020,22.21,-0.44,-1.94,22.78,22.81,22.06,57151500
10/07/2020,22.42,0.21,0.95,22.19,22.65,22.06,57428300
11/07/2020,22.42,0,0,22.42,22.42,22.42,0
12/07/2020,22.42,0,0,22.42,22.42,22.42,0
13/07/2020,22.15,-0.27,-1.2,22.61,22.65,22.13,55425500
14/07/2020,22.85,0.7,3.16,22.13,22.96,21.86,89380500
15/07/2020,23.34,0.49,2.14,23.2,23.43,22.85,58390600
16/07/2020,22.79,-0.55,-2.36,23.16,23.28,22.52,69698700
17/07/2020,22.78,-0.01,-0.04,22.83,23.03,22.58,49927600
18/07/2020,22.78,0,0,22.78,22.78,22.78,0
19/07/2020,22.78,0,0,22.78,22.78,22.78,0
20/07/2020,22.76,-0.02,-0.09,22.7,22.91,22.52,48679800
21/07/2020,23.24,0.48,2.11,23.15,23.6,23.14,101769600
22/07/2020,23.11,-0.13,-0.56,23.3,23.41,23.01,43085500
23/07/2020,22.59,-0.52,-2.25,23.16,23.23,22.54,64072100
24/07/2020,22.83,0.24,1.06,22.54,23.06,22.42,43380300
25/07/2020,22.83,0,0,22.83,22.83,22.83,0
26/07/2020,22.83,0,0,22.83,22.83,22.83,0
27/07/2020,23.2,0.37,1.62,22.87,23.25,22.45,56539600
28/07/2020,22.81,-0.39,-1.68,23.04,23.32,22.8,48353000
29/07/2020,23.16,0.35,1.53,23.03,23.25,22.92,44011500
30/07/2020,22.89,-0.27,-1.17,22.92,22.92,22.5,57859000
31/07/2020,22.28,-0.61,-2.66,22.92,23.14,22.16,75397300
01/08/2020,22.28,0,0,22.28,22.28,22.28,0
02/08/2020,22.28,0,0,22.28,22.28,22.28,0
03/08/2020,21.76,-0.52,-2.33,22.54,22.55,21.72,63598500
04/08/2020,21.8,0.04,0.18,21.46,22.05,21.25,63011900
05/08/2020,23.2,1.4,6.42,22.23,23.28,22.23,137214700
06/08/2020,23.12,-0.08,-0.34,23.28,23.53,23.01,56375100
07/08/2020,22.8,-0.32,-1.38,22.86,22.91,22.55,56040200
08/08/2020,22.8,0,0,22.8,22.8,22.8,0
09/08/2020,22.8,0,0,22.8,22.8,22.8,0
10/08/2020,23.33,0.53,2.32,22.9,23.45,22.64,52390100
11/08/2020,23.08,-0.25,-1.07,23.71,23.88,23.06,66342300
12/08/2020,23.48,0.4,1.73,23.36,23.68,23.08,67008500
13/08/2020,22.84,-0.64,-2.73,23.45,23.58,22.71,44588200
14/08/2020,22.67,-0.17,-0.74,22.77,22.98,22.53,38422000
15/08/2020,22.67,0,0,22.67,22.67,22.67,0
16/08/2020,22.67,0,0,22.67,22.67,22.67,0
17/08/2020,22.6,-0.07,-0.31,22.68,22.84,22.15,52064300
18/08/2020,23.02,0.42,1.86,22.93,23.24,22.77,49361300
19/08/2020,22.89,-0.13,-0.56,22.95,23.32,22.75,51982100
20/08/2020,22.73,-0.16,-0.7,22.52,22.87,22.35,55251700
21/08/2020,22.56,-0.17,-0.75,22.54,22.63,22.35,38668300
22/08/2020,22.56,0,0,22.56,22.56,22.56,0
23/08/2020,22.56,0,0,22.56,22.56,22.56,0
24/08/2020,23,0.44,1.95,22.86,23.13,22.8,51841900
25/08/2020,22.84,-0.16,-0.7,23.09,23.15,22.69,37981400
26/08/2020,22.21,-0.63,-2.76,22.78,22.9,22.04,69925300
27/08/2020,22.12,-0.09,-0.41,22.32,22.47,22.04,35489800
28/08/2020,22.48,0.36,1.63,22.25,22.54,22.06,31071000
29/08/2020,22.48,0,0,22.48,22.48,22.48,0
30/08/2020,22.48,0,0,22.48,22.48,22.48,0
31/08/2020,21.94,-0.54,-2.4,22.32,22.43,21.88,48539700
01/09/2020,22.81,0.87,3.97,22.2,22.89,22.12,66299700
02/09/2020,22.88,0.07,0.31,22.93,23.1,22.52,53618000
03/09/2020,22.86,-0.02,-0.09,22.61,23.12,22.57,87642400
04/09/2020,22.85,-0.01,-0.04,23,23.03,22.58,52351100
05/09/2020,22.85,0,0,22.85,22.85,22.85,0
06/09/2020,22.85,0,0,22.85,22.85,22.85,0
07/09/2020,22.85,0,0,22.85,22.85,22.85,0
08/09/2020,22.27,-0.58,-2.54,22.5,22.5,21.91,74490200
09/09/2020,22.66,0.39,1.75,22.49,22.77,22.49,42143500
10/09/2020,22.06,-0.6,-2.65,22.58,22.58,22.06,58350000
11/09/2020,21.84,-0.22,-1,22.12,22.26,21.75,71013700
12/09/2020,21.84,0,0,21.84,21.84,21.84,0
13/09/2020,21.84,0,0,21.84,21.84,21.84,0
14/09/2020,21.68,-0.16,-0.73,21.94,21.98,21.43,46453300
15/09/2020,21.67,-0.01,-0.05,21.98,22.08,21.55,58546700
16/09/2020,21.67,0,0,21.85,21.99,21.6,50379500
17/09/2020,22.17,0.5,2.31,21.51,22.17,21.46,60432200
18/09/2020,21.58,-0.59,-2.66,21.99,22.15,21.55,64243500
19/09/2020,21.58,0,0,21.58,21.58,21.58,0
20/09/2020,21.58,0,0,21.58,21.58,21.58,0
21/09/2020,20.9,-0.68,-3.15,21.29,21.46,20.81,73300000
22/09/2020,20.81,-0.09,-0.43,20.96,21.35,20.75,47207700
23/09/2020,20.23,-0.58,-2.79,20.8,20.96,20.2,57106300
24/09/2020,20.36,0.13,0.64,20.24,20.71,20.06,76310000
25/09/2020,20.14,-0.22,-1.08,20.15,20.26,19.87,40150400
26/09/2020,20.14,0,0,20.14,20.14,20.14,0
27/09/2020,20.14,0,0,20.14,20.14,20.14,0
28/09/2020,19.63,-0.51,-2.53,20.33,20.56,19.63,48797400
29/09/2020,19.31,-0.32,-1.63,19.63,19.86,19.25,52878100
30/09/2020,19.63,0.32,1.66,19.5,20.04,19.43,69505000
01/10/2020,19.88,0.25,1.27,19.64,20.06,19.13,77537300
02/10/2020,19,-0.88,-4.43,19.73,19.74,19,85306000
03/10/2020,19,0,0,19,19,19,0
04/10/2020,19,0,0,19,19,19,0
05/10/2020,20.07,1.07,5.63,19.36,20.16,19.24,73288500
06/10/2020,19.9,-0.17,-0.85,20.47,20.7,19.87,77064600
07/10/2020,19.9,0,0,20,20.05,19.56,53521000
08/10/2020,20.4,0.5,2.51,20.04,20.59,19.86,78070400
09/10/2020,19.82,-0.58,-2.84,20.34,20.39,19.8,67962300
10/10/2020,19.82,0,0,19.82,19.82,19.82,0
11/10/2020,19.82,0,0,19.82,19.82,19.82,0
12/10/2020,19.82,0,0,19.82,19.82,19.82,0
13/10/2020,20.05,0.23,1.16,19.91,20.13,19.73,55330600
14/10/2020,20,-0.05,-0.25,20.09,20.37,19.95,44584300
15/10/2020,19.8,-0.2,-1,19.62,19.8,19.44,56952100
16/10/2020,19.37,-0.43,-2.17,19.67,19.71,19.3,49929000
17/10/2020,19.37,0,0,19.37,19.37,19.37,0
18/10/2020,19.37,0,0,19.37,19.37,19.37,0
19/10/2020,19.56,0.19,0.98,19.41,19.94,19.25,107419300
20/10/2020,20.23,0.67,3.43,19.67,20.27,19.59,68407700
21/10/2020,20.15,-0.08,-0.4,20.16,20.33,19.83,60594900
22/10/2020,20.87,0.72,3.57,20.1,20.87,20.05,98926900
23/10/2020,20.66,-0.21,-1.01,20.94,21.14,20.54,61711200
24/10/2020,20.66,0,0,20.66,20.66,20.66,0
25/10/2020,20.66,0,0,20.66,20.66,20.66,0
26/10/2020,20.24,-0.42,-2.03,20.33,20.53,20.03,58229100
27/10/2020,19.68,-0.56,-2.77,20.26,20.37,19.68,48978400
28/10/2020,18.71,-0.97,-4.93,19.35,19.44,18.61,79247400
29/10/2020,19.22,0.51,2.73,18.43,19.37,17.74,86794800
30/10/2020,19.01,-0.21,-1.09,19.14,19.54,18.87,64185100
31/10/2020,19.01,0,0,19.01,19.01,19.01,0
01/11/2020,19.01,0,0,19.01,19.01,19.01,0
02/11/2020,19.01,0,0,19.01,19.01,19.01,0
03/11/2020,19.65,0.64,3.37,19.51,19.9,19.33,66290900
04/11/2020,19.72,0.07,0.36,20.01,20.07,19.27,65777600
05/11/2020,19.89,0.17,0.86,19.95,19.99,19.72,40874800
06/11/2020,19.75,-0.14,-0.7,19.55,19.95,19.54,37273300
07/11/2020,19.75,0,0,19.75,19.75,19.75,0
08/11/2020,19.75,0,0,19.75,19.75,19.75,0
09/11/2020,21.61,1.86,9.42,21.11,22.69,21.04,164904100
10/11/2020,23.08,1.47,6.8,21.89,23.15,21.81,163589600
11/11/2020,22.88,-0.2,-0.87,23.35,23.36,22.4,93072900
12/11/2020,21.91,-0.97,-4.24,22.74,22.82,21.77,77275000
13/11/2020,22.63,0.72,3.29,22.02,22.8,21.89,66065200
14/11/2020,22.63,0,0,22.63,22.63,22.63,0
15/11/2020,22.63,0,0,22.63,22.63,22.63,0
16/11/2020,23.29,0.66,2.92,23.2,23.63,23.13,101583300
17/11/2020,23.69,0.4,1.72,23.05,24.14,22.98,94082100
18/11/2020,23.55,-0.14,-0.59,23.99,24.13,23.55,68540400
19/11/2020,23.82,0.27,1.15,23.55,23.94,23.37,65382100
20/11/2020,23.65,-0.17,-0.71,23.84,23.99,23.47,38137700
21/11/2020,23.65,0,0,23.65,23.65,23.65,0
22/11/2020,23.65,0,0,23.65,23.65,23.65,0
23/11/2020,25.1,1.45,6.13,24.05,25.1,24.04,125645300
24/11/2020,26.22,1.12,4.46,25.64,26.67,25.64,153293500
25/11/2020,26.25,0.03,0.11,26.2,26.5,25.67,73946200
26/11/2020,25.82,-0.43,-1.64,25.94,25.95,25.56,41935900
27/11/2020,25.5,-0.32,-1.24,25.92,26.06,25.45,49863500
28/11/2020,25.5,0,0,25.5,25.5,25.5,0
29/11/2020,25.5,0,0,25.5,25.5,25.5,0
30/11/2020,24.9,-0.6,-2.35,25.26,25.88,24.84,90207700
01/12/2020,25.6,0.7,2.81,25.4,25.77,25.29,58866000
02/12/2020,25.91,0.31,1.21,25.6,26.5,25.33,88089900
03/12/2020,26.64,0.73,2.82,26.15,26.89,26.05,62424500
04/12/2020,27.53,0.89,3.34,27.19,27.57,27.06,61652400
05/12/2020,27.53,0,0,27.53,27.53,27.53,0
06/12/2020,27.53,0,0,27.53,27.53,27.53,0
07/12/2020,27,-0.53,-1.93,27.27,27.79,26.67,72664200
08/12/2020,26.66,-0.34,-1.26,26.81,27.14,26.46,46276700
09/12/2020,26.94,0.28,1.05,26.63,26.97,26.4,52448300
10/12/2020,27.82,0.88,3.27,27.19,28.2,27.13,97537100
11/12/2020,27.57,-0.25,-0.9,27.49,27.84,27.28,48334300
12/12/2020,27.57,0,0,27.57,27.57,27.57,0
13/12/2020,27.57,0,0,27.57,27.57,27.57,0
14/12/2020,27.62,0.05,0.18,28.03,28.27,27.62,53159500
15/12/2020,27.85,0.23,0.83,27.8,27.99,27.64,47208200
16/12/2020,28.19,0.34,1.22,27.85,28.24,27.47,59399200
17/12/2020,28.24,0.05,0.18,28.3,28.39,28.07,39149200
18/12/2020,28.1,-0.14,-0.5,28.1,28.32,28.02,44707900
19/12/2020,28.1,0,0,28.1,28.1,28.1,0
20/12/2020,28.1,0,0,28.1,28.1,28.1,0
21/12/2020,27.02,-1.08,-3.84,27.19,27.49,26.52,99988800
22/12/2020,27.28,0.26,0.96,27.2,27.47,27.05,46483200
23/12/2020,27.95,0.67,2.46,27.43,28.25,27.35,49038900
24/12/2020,27.95,0,0,27.95,27.95,27.95,0
25/12/2020,27.95,0,0,27.95,27.95,27.95,0
26/12/2020,27.95,0,0,27.95,27.95,27.95,0
27/12/2020,27.95,0,0,27.95,27.95,27.95,0
28/12/2020,28.18,0.23,0.82,28.36,28.52,28.18,36313300
29/12/2020,28.27,0.09,0.32,28.38,28.43,27.99,29891100
30/12/2020,28.34,0.07,0.25,28.35,28.49,28.2,36968200
